0.0  2
1.0  7
2.0  16
3.0  6
4.0  13
5.0  7
6.0  8
7.0  11
8.0  9
9.0  3
10.0  6
11.0  2
12.0  4
13.0  8
14.0  11
15.0  11
16.0  5
17.0  10
18.0  5
19.0  4
20.0  2
21.0  7
22.0  5
23.0  6
24.0  2
25.0  4
26.0  5
27.0  8
28.0  4
29.0  2
30.0  6
31.0  4
32.0  3
33.0  5
34.0  6
35.0  4
36.0  1
37.0  3
38.0  5
39.0  4
41.0  5
42.0  2
44.0  2
45.0  2
46.0  1
47.0  4
49.0  6
50.0  1
52.0  4
53.0  3
54.0  3
55.0  5
56.0  5
57.0  1
58.0  4
59.0  2
60.0  2
61.0  3
62.0  2
63.0  3
64.0  8
66.0  3
67.0  3
68.0  6
69.0  3
70.0  3
71.0  2
73.0  3
74.0  4
75.0  1
76.0  3
77.0  4
78.0  4
79.0  4
80.0  1
81.0  2
84.0  2
85.0  1
86.0  7
87.0  2
88.0  2
89.0  1
94.0  4
96.0  4
98.0  4
100.0  3
101.0  1
102.0  3
103.0  5
104.0  5
105.0  2
106.0  1
107.0  2
108.0  3
109.0  2
110.0  2
111.0  2
112.0  5
113.0  5
114.0  3
115.0  2
116.0  4
119.0  8
120.0  4
121.0  2
122.0  4
123.0  5
124.0  5
125.0  1
127.0  2
130.0  2
132.0  2
134.0  2
135.0  4
139.0  2
140.0  6
141.0  4
143.0  4
145.0  2
146.0  2
147.0  4
148.0  2
149.0  3
150.0  2
152.0  1
154.0  4
156.0  2
157.0  2
158.0  2
160.0  2
161.0  2
162.0  2
163.0  1
164.0  2
165.0  4
168.0  1
169.0  1
170.0  1
172.0  6
173.0  2
175.0  3
177.0  4
178.0  2
179.0  3
180.0  2
183.0  3
184.0  1
186.0  4
187.0  2
189.0  4
191.0  2
192.0  4
193.0  2
194.0  2
196.0  2
198.0  1
199.0  1
200.0  2
202.0  2
203.0  2
206.0  1
207.0  4
208.0  1
209.0  2
210.0  4
215.0  2
216.0  2
217.0  1
